SD 26
GRD SUBSTRATE G 0 0 0 n 0 -1 0 0 0 0 0 0 0 -1
GRD FOX_C D 0 0 1 b 0 -1 0 0 0.16 3.9 0 0 0 0
GRD OD C 1 1 2 b 0 0.0592417 0 0.16 0.27 0 0.08 0.06 0 -1
GRD FOX_B D 0 0 3 b 0 -1 0 0.16 0.27 3.9 0 0 0 0
GRD FOX_A D 0 0 4 b 0 -1 0 0.27 0.292 3.9 0 0 0 0
GRD poly C 2 2 5 b 0 0.0862069 0 0.292 0.399 0 0.06 0.12 0.008 -1
GRD SPACER D 0 0 6 b 0 -1 0 0.292 0.292 6.25 0 0 0 0
GRD LINER D 0 0 7 b 0 -1 0 0.292 0.312 7.5 0 0 0 0
GRD ILD_C D 0 0 8 b 0 -1 0 0.292 0.399 4.2 0 0 0 0
GRD ILD_B D 0 0 9 b 0 -1 0 0.399 0.5385 4.2 0 0 0 0
GRD metal1 C 3 3 10 b 0 6.79734 0 0.5385 0.7431 0 0.09 0.09 0 -1
GRD ILD_A D 0 0 11 b 0 -1 0 0.5385 0.5605 4.2 0 0 0 0
GRD IMD1a D 0 0 12 b 0 -1 0 0.5605 0.5923 4.5 0 0 0 0
GRD IMD1b D 0 0 13 b 0 -1 0 0.5923 0.7431 2.9 0 0 0 0
GRD IMD1c D 0 0 14 b 0 -1 0 0.7431 0.791 5 0 0 0 0
GRD IMD1d D 0 0 15 b 0 -1 0 0.791 0.8198 4.2 0 0 0 0
GRD IMD2a D 0 0 16 b 0 -1 0 0.8198 0.8989 2.9 0 0 0 0
GRD metal2 C 4 4 17 b 0 8.1082 0 0.8989 1.1462 0 0.1 0.1 0 -1
GRD IMD2b D 0 0 18 b 0 -1 0 0.8989 1.1462 2.9 0 0 0 0
GRD IMD2c D 0 0 19 b 0 -1 0 1.1462 1.1941 5 0 0 0 0
GRD IMD2d D 0 0 20 b 0 -1 0 1.1941 1.2229 4.2 0 0 0 0
GRD IMD3a D 0 0 21 b 0 -1 0 1.2229 1.302 2.9 0 0 0 0
GRD metal3 C 5 5 22 b 0 8.1082 0 1.302 1.5493 0 0.1 0.1 0 -1
GRD IMD3b D 0 0 23 b 0 -1 0 1.302 1.5493 2.9 0 0 0 0
GRD IMD3c D 0 0 24 b 0 -1 0 1.5493 1.5972 5 0 0 0 0
GRD IMD3d D 0 0 25 b 0 -1 0 1.5972 1.626 4.2 0 0 0 0
GRD IMD4a D 0 0 26 b 0 -1 0 1.626 1.7051 2.9 0 0 0 0
GRD metal4 C 6 6 27 b 0 8.1082 0 1.7051 1.9524 0 0.1 0.1 0 -1
GRD IMD4b D 0 0 28 b 0 -1 0 1.7051 1.9524 2.9 0 0 0 0
GRD IMD4c D 0 0 29 b 0 -1 0 1.9524 2.0003 5 0 0 0 0
GRD IMD4d D 0 0 30 b 0 -1 0 2.0003 2.0291 4.2 0 0 0 0
GRD IMD5a D 0 0 31 b 0 -1 0 2.0291 2.1082 2.9 0 0 0 0
GRD metal5 C 7 7 32 b 0 8.1082 0 2.1082 2.3555 0 0.1 0.1 0 -1
GRD IMD5b D 0 0 33 b 0 -1 0 2.1082 2.3555 2.9 0 0 0 0
GRD IMD5c D 0 0 34 b 0 -1 0 2.3555 2.4034 5 0 0 0 0
GRD IMD5d D 0 0 35 b 0 -1 0 2.4034 2.4322 4.2 0 0 0 0
GRD IMD6a D 0 0 36 b 0 -1 0 2.4322 2.5113 2.9 0 0 0 0
GRD metal6 C 8 8 37 b 0 8.1082 0 2.5113 2.7586 0 0.1 0.1 0 -1
GRD IMD6b D 0 0 38 b 0 -1 0 2.5113 2.7586 2.9 0 0 0 0
GRD IMD6c D 0 0 39 b 0 -1 0 2.7586 2.8062 5 0 0 0 0
GRD IMD7a D 0 0 40 b 0 -1 0 2.8062 3.3153 4.2 0 0 0 0
GRD metal7 C 9 9 41 b 0 44.6697 0 3.3153 4.2891 0 0.4 0.4 0 -1
GRD IMD7a_A D 0 0 42 b 0 -1 0 3.3153 3.3978 4.2 0 0 0 0
GRD IMD7b D 0 0 43 b 0 -1 0 3.3978 3.4508 8.1 0 0 0 0
GRD IMD7c D 0 0 44 b 0 -1 0 3.4508 4.2891 4.2 0 0 0 0
GRD IMD7d D 0 0 45 b 0 -1 0 4.2891 4.3367 5 0 0 0 0
GRD IMD8a D 0 0 46 b 0 -1 0 4.3367 4.8458 4.2 0 0 0 0
GRD metal8 C 10 10 47 b 0 44.6697 0 4.8458 5.8196 0 0.4 0.4 0 -1
GRD IMD8a_A D 0 0 48 b 0 -1 0 4.8458 4.9283 4.2 0 0 0 0
GRD IMD8b D 0 0 49 b 0 -1 0 4.9283 4.9813 8.1 0 0 0 0
GRD IMD8c D 0 0 50 b 0 -1 0 4.9813 5.8196 4.2 0 0 0 0
GRD PASS1 D 0 0 51 b 0 -1 0 5.8196 5.8901 8.1 0 0 0 0
GRD PASS2 D 0 0 52 b 0 -1 0 5.8901 6.2659 4.2 0 0 0 0
GRD PASS3 D 0 0 53 b 0 -1 0 6.2659 6.3364 8.1 0 0 0 0
GRD PASS4 D 0 0 54 b 0 -1 0 6.3364 6.5713 4.2 0 0 0 0
GRD metal9 C 11 11 55 b 0 50.4593 0 6.5713 8.1204 0 3 2 0 -1
GRD PASS5a D 0 0 56 b 0 -1 0 6.5713 8.1204 4.2 0 0 0 0
GRD PASS5b D 0 0 57 b 0 -1 0 8.1204 8.4916 4.2 0 0 0 0
GRD PASS6 D 0 0 58 b 0 -1 0 8.4916 9.0483 8.1 0 0 0 0
GRD polyCont V 2 2 0 b 0 5.61167 0 0.399 0.5385 0 0 0 0 0
GRD odCont V 1 1 0 b 0 4.11523 0 0.27 0.5385 0 0 0 0 0
GRD weltap V 0 0 0 f 0 100000 0 0 0.16 0 0 0 0 0
GRD via8 V 10 10 0 b 0 2.71003 0 5.8196 6.5713 0 0 0 0 0
GRD via7 V 9 9 0 b 0 35.073 0 4.2891 4.8458 0 0 0 0 0
GRD via6 V 8 8 0 b 0 35.073 0 2.7586 3.3153 0 0 0 0 0
GRD via5 V 7 7 0 b 0 66.6667 0 2.3555 2.5113 0 0 0 0 0
GRD via4 V 6 6 0 b 0 66.6667 0 1.9524 2.1082 0 0 0 0 0
GRD via3 V 5 5 0 b 0 66.6667 0 1.5493 1.7051 0 0 0 0 0
GRD via2 V 4 4 0 b 0 66.6667 0 1.1462 1.302 0 0 0 0 0
GRD via1 V 3 3 0 b 0 66.6667 0 0.7431 0.8989 0 0 0 0 0

DB M1 C 1 1 1 0.147116 0 0 0 0 F 0 0 0 metal1
DB M2 C 2 2 2 0.123332 0 0 0 0 F 0 0 0 metal2
DB M3 C 3 3 3 0.123332 0 0 0 0 F 0 0 0 metal3
DB M4 C 4 4 4 0.123332 0 0 0 0 F 0 0 0 metal4
DB M5 C 5 5 5 0.123332 0 0 0 0 F 0 0 0 metal5
DB M6 C 6 6 6 0.123332 0 0 0 0 F 0 0 0 metal6
DB M7 C 7 7 7 0.0223865 0 0 0 0 F 0 0 0 metal7
DB M8 C 8 8 8 0.0223865 0 0 0 0 F 0 0 0 metal8
DB VIA1 V 9 2 1 0.015 0 0 0 0 F 0 0 0 via1
DB VIA2 V 10 3 2 0.015 0 0 0 0 F 0 0 0 via2
DB VIA3 V 11 4 3 0.015 0 0 0 0 F 0 0 0 via3
DB VIA4 V 12 5 4 0.015 0 0 0 0 F 0 0 0 via4
DB VIA5 V 13 6 5 0.015 0 0 0 0 F 0 0 0 via5
DB VIA6 V 14 7 6 0.028512 0 0 0 0 F 0 0 0 via6
DB VIA7 V 15 8 7 0.028512 0 0 0 0 F 0 0 0 via7


